time,x,y,z,phi,theta,psi,x_velocity,y_velocity,z_velocity,phi_velocity,theta_velocity,psi_velocity
0.06,-0.010739022186703837,-0.011879136098277596,10.012112825617173,3.119831590536421,0.38419297559701526,0.0,-0.5835135765447668,-0.5966946487437221,0.04611698134946718,9.637379488938478,-10.799713372004863,0.0
0.12000000000000001,-0.044456481976576034,-0.03771491959699573,9.971593748579892,2.525963426046049,5.320263402376819,0.0,-0.5638182929568277,-0.10285773573348456,-1.3298786222530738,17.803414611117617,-19.254560517359092,0.0
0.18,-0.07331156690507279,-0.04653146984910637,9.863168296298044,1.499405127897468,2.177024211178752,0.0,-0.9564143444894875,-0.3031951218588356,-2.1889923149714807,22.690914140426965,-24.326576130184705,0.0
0.23999999999999996,-0.1652291616408257,-0.08080349562110671,9.723636950029176,4.444748239347774,1.770419668792874,0.0,-2.1212309239191063,-0.5808340202947453,-2.3118301298675847,25.651414018280683,-26.85619908973609,0.0
0.3,-0.3326195121537076,-0.11559993871831441,9.571956915475928,6.282122466710955,0.35560306977808587,0.0,-3.3949803662734586,-0.749647273333576,-2.593894276140366,26.89380276876609,-27.98532388912832,0.0
0.36000000000000004,-0.5394198405992444,-0.1498032510134387,9.433670224071818,1.72510440474597,4.990158255836729,0.0,-3.176730802636705,-0.1785561377307469,-2.217159197149859,27.6308792541691,-28.474990528195256,0.0
0.4200000000000001,-0.6912074457963572,-0.15815519307331694,9.288090484498902,3.402758932433919,3.28382532211128,0.0,-1.9788916653963449,-0.25290530015230656,-2.400204472904357,27.905921393456534,-28.672754359991583,0.0
0.48000000000000015,-0.8164027979905767,-0.15538236088739846,9.158020597883088,5.080569102926173,1.5627112709947202,0.0,-2.504029663046865,0.43190098122006054,-2.2022332514105534,27.99398664623397,-28.759080380279094,0.0
0.5400000000000001,-1.0042976976230944,-0.13460326143321955,9.01875644046036,0.48905240106679493,6.119660367809404,0.0,-3.5762529669657073,0.24132432861490843,-2.150458030419392,28.196565071352726,-28.80090202798933,0.0
0.6000000000000002,-1.2011249032238809,-0.09874523163959092,8.898037039858696,2.190524730470914,4.3912791423683615,0.0,-2.7280998528889917,0.8873930269551575,-2.153643331179609,28.373026907029995,-28.816344799474425,0.0
0.6600000000000003,-1.333477099099152,-0.05467611270382849,8.770206023197332,3.892137456460098,2.6624606639074404,0.0,-1.9473941051596426,0.7186209989250286,-1.8568163743996238,28.29055092262322,-28.80987348019277,0.0
0.7200000000000003,-1.478352682938942,0.009551134231578202,8.658443519885765,5.590653839999817,0.9339460633875101,0.0,-3.050496548077122,1.2107105241389922,-2.0704980093779177,28.326491240205502,-28.806705231752456,0.0
0.7800000000000004,-1.6851563456429386,0.07354481588563455,8.54492740116504,1.0127302584138018,5.488630880851371,0.0,-3.516966334806874,1.175131902140247,-1.575520297172193,28.450665564180095,-28.810933992438,0.0
0.8400000000000004,-1.8608772375895883,0.1597389637905738,8.442679868233622,2.724216004779514,3.75996936691177,0.0,-2.2732845373494652,1.411952166133356,-1.8890698928649183,28.55567808756186,-28.811159667091218,0.0
0.9000000000000005,-1.9854738017415499,0.24172021988905035,8.34622460352354,4.437585064902251,2.032033162550519,0.0,-2.22170980869501,1.606697338919067,-1.354094543589256,28.41897447422958,-28.785401522938557,0.0
0.9600000000000005,-2.15800040118877,0.34487753756081113,8.252850796009708,6.1452383633258805,0.30484553901981837,0.0,-3.4954000745609086,1.56549649908951,-1.6433060702555524,28.488629076935634,-28.78810383190829,0.0
1.0200000000000005,-2.3680172759660993,0.4441214367898925,8.173762540398426,1.576372094448093,4.860463630854408,0.0,-3.1661865265837115,1.965111790055705,-1.1805398781545768,28.602528490048357,-28.801102747068576,0.0
1.0800000000000005,-2.519319177250535,0.5591532383967625,8.092089997723406,3.291715195901702,3.133486126988819,0.0,-2.0193479560236813,1.7131319836881884,-1.3000376347339306,28.534012352385556,-28.76510346647849,0.0
1.1400000000000006,-2.6527860722317644,0.6753792502569587,8.029583459028347,5.0031718700997505,1.4079310415405013,0.0,-2.716777309933609,2.2338497419458365,-1.0649203996910683,28.501952986333954,-28.751758415973278,0.0
1.2000000000000006,-2.8515355964627545,0.7989653594005316,7.960955570326162,0.43287476531764213,5.965604112248316,0.0,-3.679692298530658,1.889145471039932,-0.9297877720666461,28.576781604092155,-28.771698086375473,0.0
1.2600000000000007,-3.049209968619411,0.9300690380351512,7.913343568223303,2.1485804987645274,4.238933821686249,0.0,-2.691510206761765,2.3881081834790345,-0.9359416150131302,28.613092822529907,-28.789424466111143,0.0
1.3200000000000007,-3.1829335864747716,1.0601545140223962,7.861386751758065,3.8648296329725937,2.513479643497009,0.0,-2.060385061497223,2.117027049315763,-0.557095201423444,28.5846628771062,-28.73298408365014,0.0
1.3800000000000008,-3.3385207708911215,1.204100463850032,7.82641804875543,5.580190602470054,0.7894227723565832,0.0,-3.2509589989091405,2.4496853631326485,-0.7831247141122161,28.595567399144613,-28.736325069017248,0.0
1.4400000000000008,-3.5526148246651377,1.340213213043639,7.792705691409688,1.0153244379352913,5.347917836662035,0.0,-3.543561591081647,2.3611024435729653,-0.2365324523804792,28.666615735487664,-28.76290470627438,0.0
1.5000000000000009,-3.7277673665600326,1.4932123301097455,7.769819361204743,2.735084745286727,3.6220080580289835,0.0,-2.276874817871701,2.4468870527649624,-0.5424087031245086,28.655848052338044,-28.768818933570646,0.0
1.560000000000001,-3.857571615773487,1.636742339193186,7.756062287730534,4.454536044154276,1.8987912013209662,0.0,-2.3945749131598153,2.616780210826906,0.007864229410394483,28.659942642376535,-28.691321474315448,0.0
1.620000000000001,-4.04101790301728,1.7957908070945365,7.744563633040769,6.1747539902347555,0.17682207210310885,0.0,-3.6438929350925204,2.438117638247631,-0.23730866819815288,28.68227965170078,-28.71647669549418,0.0
1.680000000000001,-4.254824933089907,1.9477703651162948,7.749858068171257,1.6142092662743064,4.736284694585276,0.0,-3.1588130515627117,2.8236162963235945,0.19217314887988618,28.733934046583684,-28.76351589589077,0.0
1.740000000000001,-4.4064006687867385,2.110363323125292,7.752047145346116,3.337929192575686,3.0188270266232244,0.0,-2.070430706790276,2.4812147041053194,0.15000615074632437,28.719076845051216,-28.60325959023429,0.0
1.8000000000000012,-4.547153981730074,2.2731054436097304,7.775067605800908,5.060914247426187,1.3024256411376864,0.0,-2.8844269481837923,2.972729362714155,0.3252221699447494,28.71203746001292,-28.612559912680066,0.0
1.8600000000000012,-4.754094471285955,2.438797979784928,7.792217828798375,0.5010345250025203,5.868075887439679,0.0,-3.7584857541677157,2.6018432979801855,0.5363336594065102,28.733163553696176,-28.692931574462293,0.0
1.9200000000000013,-4.953454135294244,2.612835609968324,7.8302755511579,2.2250931604189432,4.145705135783681,0.0,-2.695658132498054,3.062616711525256,0.4701325690328175,28.73598207919433,-28.75142302114116,0.0
1.9800000000000013,-5.089676391202129,2.783388612187083,7.865745093510529,3.9493435866866413,2.4350967689657335,0.0,-2.154706162006226,2.831857779520133,0.9181541735794536,28.739726713017117,-28.52468675813387,0.0
2.0400000000000014,-5.252555385183821,2.96928422975448,7.916834389016222,5.673951160707032,0.7228095051516457,0.0,-3.3789649212140827,3.1124102374538873,0.649992502837237,28.748527077880574,-28.588402848864177,0.0
2.1000000000000014,-5.471964836452866,3.1472609107217107,7.970974963030594,1.1165195833397128,5.290082368726713,0.0,-3.5920561461093596,3.1118880045533506,1.2153856693387421,28.77755624580751,-28.689955902214855,0.0
2.1600000000000015,-5.649214981938637,3.3444943173179174,8.03391074096629,2.8427641624745164,3.5682392217798746,0.0,-2.3166170689529224,3.1696943619858553,0.9140863628404656,28.757470423215704,-28.712262590673397,0.0
2.2200000000000015,-5.78318952043661,3.535091645381942,8.108376917495464,4.568532321781998,1.8568479260878963,0.0,-2.4905854673374246,3.4461673807218043,1.442110050481345,28.76976090732102,-28.517426703351074,0.0
2.2800000000000016,-5.972446792221792,3.7431014573846846,8.182774213037268,0.01183310555041217,0.14509354408260933,0.0,-3.729183121447906,3.265060003252506,1.2266390716070836,28.781344169886168,-28.60904669824263,0.0
2.3400000000000016,-6.190226252197532,3.9489149551292853,8.27476749212438,1.7384142087440964,4.711270959178547,0.0,-3.212761286261853,3.7618209104969673,1.5942239518084065,28.767368398974046,-28.721050741630986,0.0
2.4000000000000017,-6.344750607673872,4.168277051128861,8.362472278030877,3.464852085351122,3.0140163950606276,0.0,-2.1178293882533357,3.4774783179387705,1.6149570353472391,28.78229640515691,-28.398623375715957,0.0
2.4600000000000017,-6.488302902182992,4.3945700844363165,8.471053310995186,5.1920061721298865,1.3093611492257065,0.0,-2.9284455430541287,4.06084270891458,1.7131810653528143,28.790813885396194,-28.446502900655535,0.0
2.520000000000002,-6.698146549854369,4.627600055453952,8.572528747184709,0.6365474186933655,5.886882468217079,0.0,-3.813697272907316,3.794065651090393,1.9501422127504267,28.8015797431736,-28.619097455859787,0.0
2.580000000000002,-6.901650728236294,4.876845644717982,8.693020995632375,2.3643938062676675,4.1689906015966365,0.0,-2.769325191181842,4.351236598757606,1.8241743229244607,28.790237328851006,-28.705974228804134,0.0
2.640000000000002,-7.041154339298467,5.128933373459297,8.811313351018882,4.09222684176121,2.464901492563831,0.0,-2.1883916803483126,4.2822046805249405,2.290667718730662,28.805957465226726,-28.444724276401523,0.0
2.700000000000002,-7.204995404237754,5.4042714653971835,8.942211063766306,5.820735975813424,0.7575876382728808,0.0,-3.3942042218030686,4.63368903169513,1.9657221325839918,28.812029299141102,-28.544335258366207,0.0
2.760000000000002,-7.426488327927958,5.678211166834552,9.075263252812224,1.2664588890509805,5.328095784096895,0.0,-3.654922319715275,4.797544511467218,2.496320606552242,28.81942685303649,-28.67916558915663,0.0
2.820000000000002,-7.607804270631602,5.979684038181125,9.213702980405959,2.995574527416297,3.6129721094678757,0.0,-2.3722907944886567,4.9618076304085275,2.184848699182837,28.817296666142227,-28.555728222265728,0.0
2.880000000000002,-7.743032425271808,6.2838874071107576,9.363403841360224,4.724704865592527,1.902961697965445,0.0,-2.4739703806496824,5.414918505073629,2.644843803323975,28.821074617023417,-28.470227701225962,0.0
2.940000000000002,-7.931126793280158,6.6124956544649285,9.508760972770549,0.17096555409631975,0.19479044907608412,0.0,-3.724863177586783,5.330354394496259,2.411615510313463,28.828285061250053,-28.607521049158763,0.0
3.000000000000002,-8.150756751534681,6.947677569432973,9.669217071952998,1.9005524121106792,4.761026439822761,0.0,-3.278114417891001,5.992230471624782,2.6820300974749762,28.823504506013084,-28.717363698459458,0.0
3.0600000000000023,-8.308514113102854,7.3047618170692035,9.822674875232137,3.630089006653222,3.052227341089486,0.0,-2.147932430360124,5.872488810565821,2.7242980815356206,28.828605384294146,-28.492867538021066,0.0
3.1200000000000023,-8.45190479410167,7.67917043845675,9.993586755885087,5.359867667782549,1.3418468484349528,0.0,-2.898129526221929,6.571583539016529,2.692943103856266,28.83116471417182,-28.55913557269073,0.0
3.1800000000000024,-8.66051576889521,8.06567577710139,10.153845618340439,0.8066019962817927,5.911185615453066,0.0,-3.8046800438957655,6.433162769704211,2.9149151070299397,28.833215012894126,-28.68073425369609,0.0
3.2400000000000024,-8.86500566231184,8.476891120251095,10.32808671437005,2.536529877563334,4.18953164308083,0.0,-2.7960334746802733,7.091120423056188,2.687631611364822,28.83043821943064,-28.745733348587038,0.0
3.3000000000000025,-9.005567207703647,8.899264974756598,10.499038928846604,4.26629420106784,2.4709059556369084,0.0,-2.195415141579074,7.226718297588901,3.1228436399547945,28.827812907153373,-28.615389712192645,0.0
3.3600000000000025,-9.168437312516131,9.352225784469596,10.67579351643796,5.996007831714962,0.7531724597101022,0.0,-3.3718592898416215,7.601321153913131,2.705742695608729,28.829664135402474,-28.68088358638607,0.0
3.4200000000000026,-9.388253620765244,9.808530749818885,10.852709408793876,1.4426072267812815,5.314708495103265,0.0,-3.6303483149406564,7.909392130669694,3.159978794833983,28.82986689619749,-28.757237391710948,0.0
3.4800000000000026,-9.568554004367945,10.298232647995928,11.0290801333783,3.1722876603959627,3.5906202767234507,0.0,-2.3612654949801453,8.145043577849481,2.844888694398486,28.825018825059754,-28.71433059994634,0.0
3.5400000000000027,-9.703693298012084,10.799772419092868,11.21555237968239,4.9016189870406635,1.868740192612087,0.0,-2.4643250060898856,8.746814290455031,3.1634731186233296,28.817507170401377,-28.681470196320035,0.0
3.6000000000000028,-9.890797152569043,11.327771133030076,11.390983974315619,0.34750343034081865,0.1470631411347565,0.0,-3.6920505964553194,8.672275667592954,2.938157293581196,28.81831070121547,-28.738293562730483,0.0
3.660000000000003,-10.10704340902947,11.867395102648599,11.578697755800588,2.0765471542264216,4.705193504605258,0.0,-3.2139753810007052,9.425831921660976,3.051291915517959,28.81597280665991,-28.788691972359004,0.0
3.720000000000003,-10.261874497405795,12.432425287234242,11.756671082793941,3.805652832228585,2.981597337190431,0.0,-2.1334689854645594,9.441309657172052,3.163485877059551,28.82188732079682,-28.696158241893286,0.0
3.780000000000003,-10.405565295676348,13.022395484164042,11.947173469163198,5.535137166769358,1.2595788471313751,0.0,-2.9079841653752743,10.14200964032056,2.942556649872613,28.82870254901236,-28.707435116457376,0.0
3.840000000000003,-10.613049778732368,13.62295014294827,12.124508898080084,0.9817414820518184,5.819529730058951,0.0,-3.732096826822164,10.055234492932833,3.1951228143358312,28.831468604726883,-28.76454059843029,0.0
3.900000000000003,-10.812054679927847,14.251719868179276,12.31034014282258,2.711788032264119,4.093292397664531,0.0,-2.696597339745389,10.695578826982924,2.864918312897561,28.837800153606704,-28.78190009713512,0.0
3.960000000000003,-10.949645345554504,14.896102734957896,12.494106119710839,4.44211137033982,2.368998566675634,0.0,-2.2021907339839264,11.008540151066258,3.264722508756769,28.840089575038736,-28.710397326458224,0.0
4.020000000000002,-11.112992413315448,15.573351503955328,12.675353711832447,6.172510817358127,0.646100793947717,0.0,-3.3762609340224,11.284713566244907,2.7815981360497877,28.83984117011142,-28.722843754887418,0.0
4.080000000000001,-11.329308018253956,16.253503807044776,12.856981002290592,1.6198154413908732,5.2052317098675935,0.0,-3.5264103047981137,11.675732950627118,3.157120350832873,28.843881287011364,-28.76400679573978,0.0
4.14,-11.502986441539523,16.968221941282916,13.032527267785829,3.350419877167056,3.480991230890588,0.0,-2.274066110788019,11.930022314117545,2.897739860205565,28.842673965547224,-28.71476835041503,0.0
4.199999999999998,-11.63644025853214,17.702167979013176,13.217706941623277,5.080959102046492,1.7595331428624803,0.0,-2.4564803388093326,12.62332571759632,3.0329292902232017,28.841788523594726,-28.669970468659837,0.0
4.259999999999997,-11.822962055354386,18.459875320161967,13.385307931280254,0.528326489418184,0.03880284398976741,0.0,-3.6421135254663306,12.496036352791071,2.857328670332123,28.843661040827786,-28.6980641489936,0.0
4.319999999999996,-12.033384003494197,19.23098864372595,13.562674945619317,2.2589649749408522,4.5993358241550695,0.0,-3.0924929404813537,13.279442626689024,2.7907694083091723,28.844443881619245,-28.75025278757337,0.0
4.379999999999995,-12.182464912498773,20.029801091485908,13.728744563679859,3.9895880831947643,2.878974971359094,0.0,-2.094747782163226,13.459382361255887,2.9794332709263247,28.842621798130146,-28.642109662264367,0.0
4.439999999999993,-12.324745935945948,20.859798447632535,13.900500959411298,5.7200314461542465,1.1613883298938719,0.0,-2.8938293469721432,14.101545437071259,2.5529438806431504,28.83780015113602,-28.610162298396773,0.0
4.499999999999992,-12.529170657044277,21.697092892839972,14.056814333845752,1.1671196088046782,5.72741533243095,0.0,-3.6247387691548822,14.037256685201374,2.818420583287982,28.838051162152126,-28.639851386624137,0.0
4.559999999999991,-12.721536324295606,22.5646083646291,14.215078587553885,2.8972483194926344,4.012263940916217,0.0,-2.5812367311819826,14.67402462241222,2.403813832471332,28.83118437613901,-28.55568033055422,0.0
4.6199999999999894,-12.854326170306766,23.455022175921595,14.37130508433435,4.626918548741987,2.3032848159798878,0.0,-2.148745851365191,15.162504361265666,2.6983048028574426,28.821778738762674,-28.452169986733697,0.0
